Sum of similar datapoints: 0.5
Sum of dissimilar datapoints: 0.5

No. of datapoints: 10
Similarity%	Entropy Value
10		3.9921875
20		4.984375
30		5.553712500
40		5.9375
50		6.1969280
60		6.3349625007
70		6.3073549
80		6
90		5.169925
100		6.643856

No. of datapoints: 20
Similarity%     Entropy Value
5		3.999992
10		4.999984
15		5.584931
20		5.999938
25		6.321806
30		6.584718
35		6.806866
40		6.999023
45		7.1679718
50		7.3180218
55		7.451619
60		7.569337
65		7.6691897
70		7.7448549
75		7.781890
80		7.75
85		7.587462
90		7.1699250
95		6.2479
100		8.6438

No. of datapoints: 100
Similarity%     Entropy Value
5		6.32192
10		7.32192
15		7.90689
20		8.32192
25		8.64385
30		8.90689
35		9.12928
40		9.32192
45		9.49185
50		9.64385
55		9.78135
60		9.90689
65		10.0224
70		10.1293
75		10.2288
80		10.3219
85		10.4093
90		10.487946
95		10.444855
100		13.28771
