# Similarity%    Entropy1 Entropy2 Entropy3
5		3.9921875 3.999992 6.32192 
10		3.9921875 4.999984 7.32192
15		4.984375 5.584931 7.90689
20		4.984375 5.999938 8.32192
25		5.553712500 6.321806 8.64385
30		5.553712500 6.584718 8.90689
35		5.9375 6.806866 9.12928
40		5.9375 6.999023 9.32192
45		6.1969280 7.1679718 9.49185
50		6.1969280 7.3180218 9.64385
55		6.3349625007 7.451619 9.78135
60		6.3349625007 7.569337 9.90689
65		6.3073549 7.6691897 10.0224
70		6.3073549 7.7448549 10.1293
75		6 7.781890 10.2288
80		6 7.75 10.3219
85		5.169925 7.587462 10.4093
90		5.169925 7.1699250 10.487946
95		6.643856 6.2479 10.444855
100		6.643856 8.6438 13.28771
