# This file is called   force.dat
# Force-Deflection data for a beam and a bar
# Deflection    Col-Force       Beam-Force 
0.01 418 438 468
0.02 390 410 440
0.03 366 386 416
0.04 342 362 392
0.05 318 338 368
0.06 310 330 360
0.07 294 314 344
0.08 278 298 328
0.09 266 286 316
0.10 258 278 308
0.11 250 274 304
0.12 238 262 292
0.13 230 254 284
0.14 222 246 276
0.15 218 242 272
0.16 217 241 271
0.17 215 240 270
0.18 213 238 268
0.19 212 237 267
0.20 210 235 265
0.21 208 233 263
0.22 187 222 258
0.23 181 216 253
0.24 176 209 249
0.25 171 204 243
0.26 167 200 239
0.27 156 191 230
0.28 153 189 228
0.29 151 186 226
0.30 146 181 221
0.31 143 179 218
0.32 141 177 215
0.33 140 176 213
0.34 139 175 212
0.35 139 175 212
0.36 138 174 211
0.37 137 173 210
0.38 136 172 209
0.39 136 172 209
0.40 135 171 208
0.41 134 170 207
0.42 133 169 206
0.43 132 168 204
0.44 131 167 202
0.45 130 166 200
0.46 129 165 198
0.47 128 164 197
0.48 127 163 196
0.49 126 162 194
0.50 125 161 193
0.51 124 160 192
0.52 123 159 191
0.53 122 158 190
0.53 121 157 188
0.54 120 156 186
0.55 119 155 184
0.56 118 154 183
0.57 117 153 182
0.58 116 152 181
0.59 115 151 180
0.60 114 150 179
0.61 113 149 179
0.62 112 148 178
0.63 111 147 177
0.64 110 146 176
0.65 109 145 175
0.66 108 144 174
0.67 107 143 173
0.68 106 142 171
0.69 105 141 170
0.70 104 140 169
0.71 103 139 168
0.72 102 138 167
0.73 101 137 166
0.74 100 136 165
0.75 99 135 164
0.76 98 134 163
0.77 97 133 162
0.78 97 133 161
0.79 97 133 161
0.80 96 132 160
0.81 96 132 159
0.82 96 132 159
0.83 95 131 158
0.84 95 131 157
0.85 94 130 156
0.86 94 130 156
0.87 93 129 155
0.88 93 129 155
0.89 92 128 154
0.90 92 127 153
0.91 91 126 152
0.92 91 126 152
0.93 91 126 152
0.94 90 125 151
0.95 90 125 151
0.96 90 125 150
0.97 90 124 149
0.98 90 124 148
0.99 90 124 147
1 89 123 147
